50
-1.33331 1.33334
404 1.33334
480 -6.66666
552 -30.6667
628 -74.6667
661.333 -113.333
694.667 -168
708 -217.333
714.667 -258.667
714.667 -289.333
710.667 -345.333
692 -390.667
656 -417.333
618.667 -434.667
574.667 -440
-428 -438.667
-490.667 -434.667
-566.667 -424
-637.333 -401.333
-728 -360
-774.667 -314.667
-818.667 -252
-849.333 -164
-881.333 -22.6667
-894.667 41.3333
-902.667 106.667
-904 253.333
-892 306.667
-864 354.667
-813.333 406.667
-742.667 449.333
-686.667 468
-613.333 482.667
-554.667 482.667
-480 476
-409.333 461.333
-337.333 444
-268 406.667
-205.333 346.667
-182.667 320
-165.333 282.667
-153.333 248
-144 221.333
-140 194.667
-140 145.333
-130.667 101.333
-116 61.3334
-93.3333 24
-40 2.66666
-1.33331 0
